0.112946  0
0.142191  0
0.179008  0
0.225357  0
0.283708  1.04669
0.357167  34.5379
0.449647  139.873
0.566072  269.378
0.712643  376.059
0.897164  440.653
1.12946  506.922
1.42191  525.92
1.79008  597.646
2.25357  445.449
2.83708  399.347
3.57167  344.415
4.49647  287.403
5.66072  501.066
7.12643  433.195
8.97164  486.359
11.2946  421.868
14.2191  752.747
17.9008  498.823
22.5357  514.326
28.3708  922.387
35.7167  516.441
44.9647  879.466
56.6072  1398.03
71.2643  1500.35
89.7164  1450.5
112.946  1332.68
142.191  1037.62
179.008  1324.53
225.357  1471.94
283.708  1814.6
357.167  1125.77
449.647  1945.04
566.072  2182.6
712.643  2248.84
897.164  2669.44
1129.46  2685.01
1421.91  3092.55
1790.08  3766.46
2253.57  3306.26
2837.08  3551.87
3571.67  3952.79
4496.47  4214.97
5660.72  4907.73
7126.43  5110.25
8971.64  5274.5
11294.6  6482.32
14219.1  7066.91
17900.8  7521.7
22535.7  11024.1
28370.8  10677.7
35716.7  9804.19
44964.7  15887.5
56607.2  19563.8
71264.3  25317.2
89716.4  23691.6
112946  36628
142191  43448.9
179008  54253.3
225357  68118.8
283708  87617.1
357167  106397
449647  118563
566072  144928
712643  153106
897164  148828
1.12946e+06  139276
1.42191e+06  123085
1.79008e+06  112867
2.25357e+06  101513
2.83708e+06  94484.8
3.57167e+06  91123.9
4.49647e+06  85791.1
5.66072e+06  74873.3
7.12643e+06  63857.3
8.97164e+06  52508.7
1.12946e+07  41168.9
1.42191e+07  31542.8
1.79008e+07  26307.9
2.25357e+07  22319.7
2.83708e+07  19475.8
3.57167e+07  17987.6
4.49647e+07  16011.9
5.66072e+07  13679.2
7.12643e+07  11319
8.97164e+07  8602.31
1.12946e+08  5321.32
1.42191e+08  2521.46
1.79008e+08  497.847
2.25357e+08  2.10034
2.83708e+08  0
3.57167e+08  0
4.49647e+08  0
5.66072e+08  0
7.12643e+08  0
8.97164e+08  0
